DATASET_NAME: CVD-1.train6.csv
ENSEMBLE: RF
NB_TREES: 10
NB_FEATURES: 12
NB_CLASSES: 2
MAX_TREE_DEPTH: 3
Format: node / node type (LN - leave node, IN - internal node) left child / right child / feature / threshold / node_depth / majority class (starts with index 0)

[TREE 0]
NB_NODES: 15
0 IN 1 8 6 1.5 0 -1
1 IN 2 5 2 0.5 1 -1
2 IN 3 4 10 1.5 2 -1
3 LN -1 -1 -1 -1 3 0
4 LN -1 -1 -1 -1 3 1
5 IN 6 7 3 156.5 2 -1
6 LN -1 -1 -1 -1 3 0
7 LN -1 -1 -1 -1 3 1
8 IN 9 12 3 146 1 -1
9 IN 10 11 7 200.5 2 -1
10 LN -1 -1 -1 -1 3 1
11 LN -1 -1 -1 -1 3 0
12 IN 13 14 7 138.5 2 -1
13 LN -1 -1 -1 -1 3 1
14 LN -1 -1 -1 -1 3 1

[TREE 1]
NB_NODES: 13
0 IN 1 6 10 1.5 0 -1
1 IN 2 5 4 467 1 -1
2 IN 3 4 6 1.5 2 -1
3 LN -1 -1 -1 -1 3 0
4 LN -1 -1 -1 -1 3 0
5 LN -1 -1 -1 -1 2 1
6 IN 7 10 3 125.5 1 -1
7 IN 8 9 11 0.5 2 -1
8 LN -1 -1 -1 -1 3 0
9 LN -1 -1 -1 -1 3 1
10 IN 11 12 9 6.14999985695 2 -1
11 LN -1 -1 -1 -1 3 1
12 LN -1 -1 -1 -1 3 0

[TREE 2]
NB_NODES: 15
0 IN 1 8 3 143.5 0 -1
1 IN 2 5 10 1.5 1 -1
2 IN 3 4 0 29.5 2 -1
3 LN -1 -1 -1 -1 3 0
4 LN -1 -1 -1 -1 3 0
5 IN 6 7 2 1.5 2 -1
6 LN -1 -1 -1 -1 3 1
7 LN -1 -1 -1 -1 3 1
8 IN 9 12 10 1.5 1 -1
9 IN 10 11 6 1.5 2 -1
10 LN -1 -1 -1 -1 3 0
11 LN -1 -1 -1 -1 3 1
12 IN 13 14 0 75.5 2 -1
13 LN -1 -1 -1 -1 3 1
14 LN -1 -1 -1 -1 3 1

[TREE 3]
NB_NODES: 15
0 IN 1 8 3 145.5 0 -1
1 IN 2 5 2 1.5 1 -1
2 IN 3 4 4 468 2 -1
3 LN -1 -1 -1 -1 3 0
4 LN -1 -1 -1 -1 3 1
5 IN 6 7 7 90.5 2 -1
6 LN -1 -1 -1 -1 3 0
7 LN -1 -1 -1 -1 3 1
8 IN 9 12 3 191.5 1 -1
9 IN 10 11 7 94.5 2 -1
10 LN -1 -1 -1 -1 3 0
11 LN -1 -1 -1 -1 3 1
12 IN 13 14 7 95.5 2 -1
13 LN -1 -1 -1 -1 3 0
14 LN -1 -1 -1 -1 3 1

[TREE 4]
NB_NODES: 15
0 IN 1 8 3 143.5 0 -1
1 IN 2 5 6 1.5 1 -1
2 IN 3 4 2 1.5 2 -1
3 LN -1 -1 -1 -1 3 0
4 LN -1 -1 -1 -1 3 1
5 IN 6 7 2 1 2 -1
6 LN -1 -1 -1 -1 3 1
7 LN -1 -1 -1 -1 3 1
8 IN 9 12 10 1.5 1 -1
9 IN 10 11 9 2.39999997616 2 -1
10 LN -1 -1 -1 -1 3 1
11 LN -1 -1 -1 -1 3 0
12 IN 13 14 7 156.5 2 -1
13 LN -1 -1 -1 -1 3 1
14 LN -1 -1 -1 -1 3 1

[TREE 5]
NB_NODES: 13
0 IN 1 8 6 1.5 0 -1
1 IN 2 5 3 143.5 1 -1
2 IN 3 4 4 468 2 -1
3 LN -1 -1 -1 -1 3 0
4 LN -1 -1 -1 -1 3 1
5 IN 6 7 2 0.5 2 -1
6 LN -1 -1 -1 -1 3 1
7 LN -1 -1 -1 -1 3 1
8 IN 9 10 7 91 1 -1
9 LN -1 -1 -1 -1 2 0
10 IN 11 12 2 0.5 2 -1
11 LN -1 -1 -1 -1 3 1
12 LN -1 -1 -1 -1 3 1

[TREE 6]
NB_NODES: 15
0 IN 1 8 3 143.5 0 -1
1 IN 2 5 6 1.5 1 -1
2 IN 3 4 2 1.5 2 -1
3 LN -1 -1 -1 -1 3 0
4 LN -1 -1 -1 -1 3 1
5 IN 6 7 10 1.5 2 -1
6 LN -1 -1 -1 -1 3 0
7 LN -1 -1 -1 -1 3 1
8 IN 9 12 11 0.5 1 -1
9 IN 10 11 5 0.5 2 -1
10 LN -1 -1 -1 -1 3 0
11 LN -1 -1 -1 -1 3 1
12 IN 13 14 7 95.5 2 -1
13 LN -1 -1 -1 -1 3 0
14 LN -1 -1 -1 -1 3 1

[TREE 7]
NB_NODES: 15
0 IN 1 8 4 366.5 0 -1
1 IN 2 5 3 143.5 1 -1
2 IN 3 4 10 1.5 2 -1
3 LN -1 -1 -1 -1 3 0
4 LN -1 -1 -1 -1 3 1
5 IN 6 7 11 0.5 2 -1
6 LN -1 -1 -1 -1 3 0
7 LN -1 -1 -1 -1 3 1
8 IN 9 12 10 1.5 1 -1
9 IN 10 11 0 21.5 2 -1
10 LN -1 -1 -1 -1 3 1
11 LN -1 -1 -1 -1 3 0
12 IN 13 14 0 28.5 2 -1
13 LN -1 -1 -1 -1 3 1
14 LN -1 -1 -1 -1 3 1

[TREE 8]
NB_NODES: 15
0 IN 1 8 11 0.5 0 -1
1 IN 2 5 10 1.5 1 -1
2 IN 3 4 4 444 2 -1
3 LN -1 -1 -1 -1 3 0
4 LN -1 -1 -1 -1 3 1
5 IN 6 7 0 73.5 2 -1
6 LN -1 -1 -1 -1 3 1
7 LN -1 -1 -1 -1 3 0
8 IN 9 12 5 0.5 1 -1
9 IN 10 11 2 0.5 2 -1
10 LN -1 -1 -1 -1 3 0
11 LN -1 -1 -1 -1 3 1
12 IN 13 14 2 0.5 2 -1
13 LN -1 -1 -1 -1 3 1
14 LN -1 -1 -1 -1 3 1

[TREE 9]
NB_NODES: 11
0 IN 1 6 2 0.5 0 -1
1 IN 2 5 4 470 1 -1
2 IN 3 4 6 1.5 2 -1
3 LN -1 -1 -1 -1 3 0
4 LN -1 -1 -1 -1 3 1
5 LN -1 -1 -1 -1 2 1
6 IN 7 8 7 94 1 -1
7 LN -1 -1 -1 -1 2 0
8 IN 9 10 6 0.5 2 -1
9 LN -1 -1 -1 -1 3 1
10 LN -1 -1 -1 -1 3 1

